0.000      0.000000 
0.010      0.000100 
0.020      0.000400 
0.030      0.000900 
0.040      0.001600 
0.050      0.002500 
0.060      0.003600 
0.070      0.004900 
0.080      0.006400 
0.090      0.008100 
0.100      0.010000 
0.110      0.012100 
0.120      0.014400 
0.130      0.016900 
0.140      0.019600 
0.150      0.022500 
0.160      0.025600 
0.170      0.028900 
0.180      0.032400 
0.190      0.036100 
0.200      0.040000 
0.210      0.044100 
0.220      0.048400 
0.230      0.052900 
0.240      0.057600 
0.250      0.062500 
0.260      0.067600 
0.270      0.072900 
0.280      0.078400 
0.290      0.084100 
0.300      0.090000 
0.310      0.096100 
0.320      0.102400 
0.330      0.108900 
0.340      0.115600 
0.350      0.122500 
0.360      0.129600 
0.370      0.136900 
0.380      0.144400 
0.390      0.152100 
0.400      0.160000 
0.410      0.168100 
0.420      0.176400 
0.430      0.184900 
0.440      0.193600 
0.450      0.202500 
0.460      0.211600 
0.470      0.220900 
0.480      0.230400 
0.490      0.240100 
0.500      0.250000 
0.510      0.260100 
0.520      0.270400 
0.530      0.280900 
0.540      0.291600 
0.550      0.302500 
0.560      0.313600 
0.570      0.324900 
0.580      0.336400 
0.590      0.348100 
0.600      0.360000 
0.610      0.372100 
0.620      0.384400 
0.630      0.396900 
0.640      0.409600 
0.650      0.422500 
0.660      0.435600 
0.670      0.448900 
0.680      0.462400 
0.690      0.476100 
0.700      0.490000 
0.710      0.504100 
0.720      0.518400 
0.730      0.532900 
0.740      0.547600 
0.750      0.562500 
0.760      0.577600 
0.770      0.592900 
0.780      0.608400 
0.790      0.624100 
0.800      0.640000 
0.810      0.656100 
0.820      0.672400 
0.830      0.688900 
0.840      0.705600 
0.850      0.722500 
0.860      0.739600 
0.870      0.756900 
0.880      0.774400 
0.890      0.792100 
0.900      0.810000 
0.910      0.828100 
0.920      0.846400 
0.930      0.864900 
0.940      0.883600 
0.950      0.902500 
0.960      0.921600 
0.970      0.940900 
0.980      0.960400 
0.990      0.980100 
1.000      1.000000 
1.010      1.020100 
1.020      1.040400 
1.030      1.060900 
1.040      1.081600 
1.050      1.102500 
1.060      1.123600 
1.070      1.144900 
1.080      1.166400 
1.090      1.188100 
1.100      1.210000 
1.110      1.232100 
1.120      1.254400 
1.130      1.276900 
1.140      1.299600 
1.150      1.322500 
1.160      1.345600 
1.170      1.368900 
1.180      1.392400 
1.190      1.416100 
1.200      1.440000 
1.210      1.464100 
1.220      1.488400 
1.230      1.512900 
1.240      1.537600 
1.250      1.562500 
1.260      1.587600 
1.270      1.612900 
1.280      1.638400 
1.290      1.664100 
1.300      1.690000 
1.310      1.716100 
1.320      1.742400 
1.330      1.768900 
1.340      1.795600 
1.350      1.822500 
1.360      1.849600 
1.370      1.876900 
1.380      1.904400 
1.390      1.932100 
1.400      1.960000 
1.410      1.988100 
1.420      2.016400 
1.430      2.044900 
1.440      2.073600 
1.450      2.102500 
1.460      2.131600 
1.470      2.160900 
1.480      2.190400 
1.490      2.220100 
1.500      2.250000 
1.510      2.280100 
1.520      2.310400 
1.530      2.340900 
1.540      2.371600 
1.550      2.402500 
1.560      2.433600 
1.570      2.464900 
1.580      2.496400 
1.590      2.528100 
1.600      2.560000 
1.610      2.592100 
1.620      2.624400 
1.630      2.656900 
1.640      2.689600 
1.650      2.722500 
1.660      2.755600 
1.670      2.788900 
1.680      2.822400 
1.690      2.856100 
1.700      2.890000 
1.710      2.924100 
1.720      2.958400 
1.730      2.992900 
1.740      3.027600 
1.750      3.062500 
1.760      3.097600 
1.770      3.132900 
1.780      3.168400 
1.790      3.204100 
1.800      3.240000 
1.810      3.276100 
1.820      3.312400 
1.830      3.348900 
1.840      3.385600 
1.850      3.422500 
1.860      3.459600 
1.870      3.496900 
1.880      3.534400 
1.890      3.572100 
1.900      3.610000 
1.910      3.648100 
1.920      3.686400 
1.930      3.724900 
1.940      3.763600 
1.950      3.802500 
1.960      3.841600 
1.970      3.880900 
1.980      3.920400 
1.990      3.960100 
2.000      4.000000 
2.010      4.040100 
2.020      4.080400 
2.030      4.120900 
2.040      4.161600 
2.050      4.202500 
2.060      4.243600 
2.070      4.284900 
2.080      4.326400 
2.090      4.368100 
2.100      4.410000 
2.110      4.452100 
2.120      4.494400 
2.130      4.536900 
2.140      4.579600 
2.150      4.622500 
2.160      4.665600 
2.170      4.708900 
2.180      4.752400 
2.190      4.796100 
2.200      4.840000 
2.210      4.884100 
2.220      4.928400 
2.230      4.972900 
2.240      5.017600 
2.250      5.062500 
2.260      5.107600 
2.270      5.152900 
2.280      5.198400 
2.290      5.244100 
2.300      5.290000 
2.310      5.336100 
2.320      5.382400 
2.330      5.428900 
2.340      5.475600 
2.350      5.522500 
2.360      5.569600 
2.370      5.616900 
2.380      5.664400 
2.390      5.712100 
2.400      5.760000 
2.410      5.808100 
2.420      5.856400 
2.430      5.904900 
2.440      5.953600 
2.450      6.002500 
2.460      6.051600 
2.470      6.100900 
2.480      6.150400 
2.490      6.200100 
2.500      6.250000 
2.510      6.300100 
2.520      6.350400 
2.530      6.400900 
2.540      6.451600 
2.550      6.502500 
2.560      6.553600 
2.570      6.604900 
2.580      6.656400 
2.590      6.708100 
2.600      6.760000 
2.610      6.812100 
2.620      6.864400 
2.630      6.916900 
2.640      6.969600 
2.650      7.022500 
2.660      7.075600 
2.670      7.128900 
2.680      7.182400 
2.690      7.236100 
2.700      7.290000 
2.710      7.344100 
2.720      7.398400 
2.730      7.452900 
2.740      7.507600 
2.750      7.562500 
2.760      7.617600 
2.770      7.672900 
2.780      7.728400 
2.790      7.784100 
2.800      7.840000 
2.810      7.896100 
2.820      7.952400 
2.830      8.008900 
2.840      8.065600 
2.850      8.122500 
2.860      8.179600 
2.870      8.236900 
2.880      8.294400 
2.890      8.352100 
2.900      8.410000 
2.910      8.468100 
2.920      8.526400 
2.930      8.584900 
2.940      8.643600 
2.950      8.702500 
2.960      8.761600 
2.970      8.820900 
2.980      8.880400 
2.990      8.940100 
3.000      9.000000 
3.010      9.060100 
3.020      9.120400 
3.030      9.180900 
3.040      9.241600 
3.050      9.302500 
3.060      9.363600 
3.070      9.424900 
3.080      9.486400 
3.090      9.548100 
3.100      9.610000 
3.110      9.672100 
3.120      9.734400 
3.130      9.796900 
3.140      9.859600 
3.150      9.922500 
3.160      9.985600 
3.170     10.048900 
3.180     10.112400 
3.190     10.176100 
3.200     10.240000 
3.210     10.304100 
3.220     10.368400 
3.230     10.432900 
3.240     10.497600 
3.250     10.562500 
3.260     10.627600 
3.270     10.692900 
3.280     10.758400 
3.290     10.824100 
3.300     10.890000 
3.310     10.956100 
3.320     11.022400 
3.330     11.088900 
3.340     11.155600 
3.350     11.222500 
3.360     11.289600 
3.370     11.356900 
3.380     11.424400 
3.390     11.492100 
3.400     11.560000 
3.410     11.628100 
3.420     11.696400 
3.430     11.764900 
3.440     11.833600 
3.450     11.902500 
3.460     11.971600 
3.470     12.040900 
3.480     12.110400 
3.490     12.180100 
3.500     12.250000 
3.510     12.320100 
3.520     12.390400 
3.530     12.460900 
3.540     12.531600 
3.550     12.602500 
3.560     12.673600 
3.570     12.744900 
3.580     12.816400 
3.590     12.888100 
3.600     12.960000 
3.610     13.032100 
3.620     13.104400 
3.630     13.176900 
3.640     13.249600 
3.650     13.322500 
3.660     13.395600 
3.670     13.468900 
3.680     13.542400 
3.690     13.616100 
3.700     13.690000 
3.710     13.764100 
3.720     13.838400 
3.730     13.912900 
3.740     13.987600 
3.750     14.062500 
3.760     14.137600 
3.770     14.212900 
3.780     14.288400 
3.790     14.364100 
3.800     14.440000 
3.810     14.516100 
3.820     14.592400 
3.830     14.668900 
3.840     14.745600 
3.850     14.822500 
3.860     14.899600 
3.870     14.976900 
3.880     15.054400 
3.890     15.132100 
3.900     15.210000 
3.910     15.288100 
3.920     15.366400 
3.930     15.444900 
3.940     15.523600 
3.950     15.602500 
3.960     15.681600 
3.970     15.760900 
3.980     15.840400 
3.990     15.920100 
4.000     16.000000 
4.010     16.080100 
4.020     16.160400 
4.030     16.240900 
4.040     16.321600 
4.050     16.402500 
4.060     16.483600 
4.070     16.564900 
4.080     16.646400 
4.090     16.728100 
4.100     16.810000 
4.110     16.892100 
4.120     16.974400 
4.130     17.056900 
4.140     17.139600 
4.150     17.222500 
4.160     17.305600 
4.170     17.388900 
4.180     17.472400 
4.190     17.556100 
4.200     17.640000 
4.210     17.724100 
4.220     17.808400 
4.230     17.892900 
4.240     17.977600 
4.250     18.062500 
4.260     18.147600 
4.270     18.232900 
4.280     18.318400 
4.290     18.404100 
4.300     18.490000 
4.310     18.576100 
4.320     18.662400 
4.330     18.748900 
4.340     18.835600 
4.350     18.922500 
4.360     19.009600 
4.370     19.096900 
4.380     19.184400 
4.390     19.272100 
4.400     19.360000 
4.410     19.448100 
4.420     19.536400 
4.430     19.624900 
4.440     19.713600 
4.450     19.802500 
4.460     19.891600 
4.470     19.980900 
4.480     20.070400 
4.490     20.160100 
4.500     20.250000 
4.510     20.340100 
4.520     20.430400 
4.530     20.520900 
4.540     20.611600 
4.550     20.702500 
4.560     20.793600 
4.570     20.884900 
4.580     20.976400 
4.590     21.068100 
4.600     21.160000 
4.610     21.252100 
4.620     21.344400 
4.630     21.436900 
4.640     21.529600 
4.650     21.622500 
4.660     21.715600 
4.670     21.808900 
4.680     21.902400 
4.690     21.996100 
4.700     22.090000 
4.710     22.184100 
4.720     22.278400 
4.730     22.372900 
4.740     22.467600 
4.750     22.562500 
4.760     22.657600 
4.770     22.752900 
4.780     22.848400 
4.790     22.944100 
4.800     23.040000 
4.810     23.136100 
4.820     23.232400 
4.830     23.328900 
4.840     23.425600 
4.850     23.522500 
4.860     23.619600 
4.870     23.716900 
4.880     23.814400 
4.890     23.912100 
4.900     24.010000 
4.910     24.108100 
4.920     24.206400 
4.930     24.304900 
4.940     24.403600 
4.950     24.502500 
4.960     24.601600 
4.970     24.700900 
4.980     24.800400 
4.990     24.900100 
5.000     25.000000 
5.010     25.100100 
5.020     25.200400 
5.030     25.300900 
5.040     25.401600 
5.050     25.502500 
5.060     25.603600 
5.070     25.704900 
5.080     25.806400 
5.090     25.908100 
5.100     26.010000 
5.110     26.112100 
5.120     26.214400 
5.130     26.316900 
5.140     26.419600 
5.150     26.522500 
5.160     26.625600 
5.170     26.728900 
5.180     26.832400 
5.190     26.936100 
5.200     27.040000 
5.210     27.144100 
5.220     27.248400 
5.230     27.352900 
5.240     27.457600 
5.250     27.562500 
5.260     27.667600 
5.270     27.772900 
5.280     27.878400 
5.290     27.984100 
5.300     28.090000 
5.310     28.196100 
5.320     28.302400 
5.330     28.408900 
5.340     28.515600 
5.350     28.622500 
5.360     28.729600 
5.370     28.836900 
5.380     28.944400 
5.390     29.052100 
5.400     29.160000 
5.410     29.268100 
5.420     29.376400 
5.430     29.484900 
5.440     29.593600 
5.450     29.702500 
5.460     29.811600 
5.470     29.920900 
5.480     30.030400 
5.490     30.140100 
5.500     30.250000 
5.510     30.360100 
5.520     30.470400 
5.530     30.580900 
5.540     30.691600 
5.550     30.802500 
5.560     30.913600 
5.570     31.024900 
5.580     31.136400 
5.590     31.248100 
5.600     31.360000 
5.610     31.472100 
5.620     31.584400 
5.630     31.696900 
5.640     31.809600 
5.650     31.922500 
5.660     32.035600 
5.670     32.148900 
5.680     32.262400 
5.690     32.376100 
5.700     32.490000 
5.710     32.604100 
5.720     32.718400 
5.730     32.832900 
5.740     32.947600 
5.750     33.062500 
5.760     33.177600 
5.770     33.292900 
5.780     33.408400 
5.790     33.524100 
5.800     33.640000 
5.810     33.756100 
5.820     33.872400 
5.830     33.988900 
5.840     34.105600 
5.850     34.222500 
5.860     34.339600 
5.870     34.456900 
5.880     34.574400 
5.890     34.692100 
5.900     34.810000 
5.910     34.928100 
5.920     35.046400 
5.930     35.164900 
5.940     35.283600 
5.950     35.402500 
5.960     35.521600 
5.970     35.640900 
5.980     35.760400 
5.990     35.880100 
6.000     36.000000 
6.010     36.120100 
6.020     36.240400 
6.030     36.360900 
6.040     36.481600 
6.050     36.602500 
6.060     36.723600 
6.070     36.844900 
6.080     36.966400 
6.090     37.088100 
6.100     37.210000 
6.110     37.332100 
6.120     37.454400 
6.130     37.576900 
6.140     37.699600 
6.150     37.822500 
6.160     37.945600 
6.170     38.068900 
6.180     38.192400 
6.190     38.316100 
6.200     38.440000 
6.210     38.564100 
6.220     38.688400 
6.230     38.812900 
6.240     38.937600 
6.250     39.062500 
6.260     39.187600 
6.270     39.312900 
6.280     39.438400 
6.290     39.564100 
6.300     39.690000 
6.310     39.816100 
6.320     39.942400 
6.330     40.068900 
6.340     40.195600 
6.350     40.322500 
6.360     40.449600 
6.370     40.576900 
6.380     40.704400 
6.390     40.832100 
6.400     40.960000 
6.410     41.088100 
6.420     41.216400 
6.430     41.344900 
6.440     41.473600 
6.450     41.602500 
6.460     41.731600 
6.470     41.860900 
6.480     41.990400 
6.490     42.120100 
6.500     42.250000 
6.510     42.380100 
6.520     42.510400 
6.530     42.640900 
6.540     42.771600 
6.550     42.902500 
6.560     43.033600 
6.570     43.164900 
6.580     43.296400 
6.590     43.428100 
6.600     43.560000 
6.610     43.692100 
6.620     43.824400 
6.630     43.956900 
6.640     44.089600 
6.650     44.222500 
6.660     44.355600 
6.670     44.488900 
6.680     44.622400 
6.690     44.756100 
6.700     44.890000 
6.710     45.024100 
6.720     45.158400 
6.730     45.292900 
6.740     45.427600 
6.750     45.562500 
6.760     45.697600 
6.770     45.832900 
6.780     45.968400 
6.790     46.104100 
6.800     46.240000 
6.810     46.376100 
6.820     46.512400 
6.830     46.648900 
6.840     46.785600 
6.850     46.922500 
6.860     47.059600 
6.870     47.196900 
6.880     47.334400 
6.890     47.472100 
6.900     47.610000 
6.910     47.748100 
6.920     47.886400 
6.930     48.024900 
6.940     48.163600 
6.950     48.302500 
6.960     48.441600 
6.970     48.580900 
6.980     48.720400 
6.990     48.860100 
7.000     49.000000 
7.010     49.140100 
7.020     49.280400 
7.030     49.420900 
7.040     49.561600 
7.050     49.702500 
7.060     49.843600 
7.070     49.984900 
7.080     50.126400 
7.090     50.268100 
7.100     50.410000 
7.110     50.552100 
7.120     50.694400 
7.130     50.836900 
7.140     50.979600 
7.150     51.122500 
7.160     51.265600 
7.170     51.408900 
7.180     51.552400 
7.190     51.696100 
7.200     51.840000 
7.210     51.984100 
7.220     52.128400 
7.230     52.272900 
7.240     52.417600 
7.250     52.562500 
7.260     52.707600 
7.270     52.852900 
7.280     52.998400 
7.290     53.144100 
7.300     53.290000 
7.310     53.436100 
7.320     53.582400 
7.330     53.728900 
7.340     53.875600 
7.350     54.022500 
7.360     54.169600 
7.370     54.316900 
7.380     54.464400 
7.390     54.612100 
7.400     54.760000 
7.410     54.908100 
7.420     55.056400 
7.430     55.204900 
7.440     55.353600 
7.450     55.502500 
7.460     55.651600 
7.470     55.800900 
7.480     55.950400 
7.490     56.100100 
7.500     56.250000 
7.510     56.400100 
7.520     56.550400 
7.530     56.700900 
7.540     56.851600 
7.550     57.002500 
7.560     57.153600 
7.570     57.304900 
7.580     57.456400 
7.590     57.608100 
7.600     57.760000 
7.610     57.912100 
7.620     58.064400 
7.630     58.216900 
7.640     58.369600 
7.650     58.522500 
7.660     58.675600 
7.670     58.828900 
7.680     58.982400 
7.690     59.136100 
7.700     59.290000 
7.710     59.444100 
7.720     59.598400 
7.730     59.752900 
7.740     59.907600 
7.750     60.062500 
7.760     60.217600 
7.770     60.372900 
7.780     60.528400 
7.790     60.684100 
7.800     60.840000 
7.810     60.996100 
7.820     61.152400 
7.830     61.308900 
7.840     61.465600 
7.850     61.622500 
7.860     61.779600 
7.870     61.936900 
7.880     62.094400 
7.890     62.252100 
7.900     62.410000 
7.910     62.568100 
7.920     62.726400 
7.930     62.884900 
7.940     63.043600 
7.950     63.202500 
7.960     63.361600 
7.970     63.520900 
7.980     63.680400 
7.990     63.840100 
8.000     64.000000 
8.010     64.160100 
8.020     64.320400 
8.030     64.480900 
8.040     64.641600 
8.050     64.802500 
8.060     64.963600 
8.070     65.124900 
8.080     65.286400 
8.090     65.448100 
8.100     65.610000 
8.110     65.772100 
8.120     65.934400 
8.130     66.096900 
8.140     66.259600 
8.150     66.422500 
8.160     66.585600 
8.170     66.748900 
8.180     66.912400 
8.190     67.076100 
8.200     67.240000 
8.210     67.404100 
8.220     67.568400 
8.230     67.732900 
8.240     67.897600 
8.250     68.062500 
8.260     68.227600 
8.270     68.392900 
8.280     68.558400 
8.290     68.724100 
8.300     68.890000 
8.310     69.056100 
8.320     69.222400 
8.330     69.388900 
8.340     69.555600 
8.350     69.722500 
8.360     69.889600 
8.370     70.056900 
8.380     70.224400 
8.390     70.392100 
8.400     70.560000 
8.410     70.728100 
8.420     70.896400 
8.430     71.064900 
8.440     71.233600 
8.450     71.402500 
8.460     71.571600 
8.470     71.740900 
8.480     71.910400 
8.490     72.080100 
8.500     72.250000 
8.510     72.420100 
8.520     72.590400 
8.530     72.760900 
8.540     72.931600 
8.550     73.102500 
8.560     73.273600 
8.570     73.444900 
8.580     73.616400 
8.590     73.788100 
8.600     73.960000 
8.610     74.132100 
8.620     74.304400 
8.630     74.476900 
8.640     74.649600 
8.650     74.822500 
8.660     74.995600 
8.670     75.168900 
8.680     75.342400 
8.690     75.516100 
8.700     75.690000 
8.710     75.864100 
8.720     76.038400 
8.730     76.212900 
8.740     76.387600 
8.750     76.562500 
8.760     76.737600 
8.770     76.912900 
8.780     77.088400 
8.790     77.264100 
8.800     77.440000 
8.810     77.616100 
8.820     77.792400 
8.830     77.968900 
8.840     78.145600 
8.850     78.322500 
8.860     78.499600 
8.870     78.676900 
8.880     78.854400 
8.890     79.032100 
8.900     79.210000 
8.910     79.388100 
8.920     79.566400 
8.930     79.744900 
8.940     79.923600 
8.950     80.102500 
8.960     80.281600 
8.970     80.460900 
8.980     80.640400 
8.990     80.820100 
9.000     81.000000 
9.010     81.180100 
9.020     81.360400 
9.030     81.540900 
9.040     81.721600 
9.050     81.902500 
9.060     82.083600 
9.070     82.264900 
9.080     82.446400 
9.090     82.628100 
9.100     82.810000 
9.110     82.992100 
9.120     83.174400 
9.130     83.356900 
9.140     83.539600 
9.150     83.722500 
9.160     83.905600 
9.170     84.088900 
9.180     84.272400 
9.190     84.456100 
9.200     84.640000 
9.210     84.824100 
9.220     85.008400 
9.230     85.192900 
9.240     85.377600 
9.250     85.562500 
9.260     85.747600 
9.270     85.932900 
9.280     86.118400 
9.290     86.304100 
9.300     86.490000 
9.310     86.676100 
9.320     86.862400 
9.330     87.048900 
9.340     87.235600 
9.350     87.422500 
9.360     87.609600 
9.370     87.796900 
9.380     87.984400 
9.390     88.172100 
9.400     88.360000 
9.410     88.548100 
9.420     88.736400 
9.430     88.924900 
9.440     89.113600 
9.450     89.302500 
9.460     89.491600 
9.470     89.680900 
9.480     89.870400 
9.490     90.060100 
9.500     90.250000 
9.510     90.440100 
9.520     90.630400 
9.530     90.820900 
9.540     91.011600 
9.550     91.202500 
9.560     91.393600 
9.570     91.584900 
9.580     91.776400 
9.590     91.968100 
9.600     92.160000 
9.610     92.352100 
9.620     92.544400 
9.630     92.736900 
9.640     92.929600 
9.650     93.122500 
9.660     93.315600 
9.670     93.508900 
9.680     93.702400 
9.690     93.896100 
9.700     94.090000 
9.710     94.284100 
9.720     94.478400 
9.730     94.672900 
9.740     94.867600 
9.750     95.062500 
9.760     95.257600 
9.770     95.452900 
9.780     95.648400 
9.790     95.844100 
9.800     96.040000 
9.810     96.236100 
9.820     96.432400 
9.830     96.628900 
9.840     96.825600 
9.850     97.022500 
9.860     97.219600 
9.870     97.416900 
9.880     97.614400 
9.890     97.812100 
9.900     98.010000 
9.910     98.208100 
9.920     98.406400 
9.930     98.604900 
9.940     98.803600 
9.950     99.002500 
9.960     99.201600 
9.970     99.400900 
9.980     99.600400 
9.990     99.800100 
10.000    100.000000 
